{
 "cells": [
  {
   "cell_type": "code",
   "execution_count": 3,
   "metadata": {
    "ExecuteTime": {
     "end_time": "2019-03-19T00:32:14.526633Z",
     "start_time": "2019-03-19T00:32:14.522611Z"
    }
   },
   "outputs": [],
   "source": [
    "import numpy as np\n",
    "import sys\n",
    "sys.path.append(\"..\")\n",
    "from reference.lib.envs.gridworld import GridworldEnv"
   ]
  },
  {
   "cell_type": "code",
   "execution_count": 4,
   "metadata": {
    "ExecuteTime": {
     "end_time": "2019-03-19T00:32:15.324824Z",
     "start_time": "2019-03-19T00:32:15.319836Z"
    }
   },
   "outputs": [],
   "source": [
    "env = GridworldEnv()"
   ]
  },
  {
   "cell_type": "code",
   "execution_count": 7,
   "metadata": {
    "ExecuteTime": {
     "end_time": "2019-03-19T00:32:45.976610Z",
     "start_time": "2019-03-19T00:32:45.969629Z"
    }
   },
   "outputs": [],
   "source": [
    "def policy_eval(policy, env, discount_factor=1.0, theta=0.00001):\n",
    "    \"\"\"\n",
    "    Evaluate a policy given an environment and a full description of the environment's dynamics.\n",
    "    \n",
    "    Args:\n",
    "        policy: [S, A] shaped matrix representing the policy.\n",
    "        env: OpenAI env. env.P represents the transition probabilities of the environment.\n",
    "            env.P[s][a] is a list of transition tuples (prob, next_state, reward, done).\n",
    "            env.nS is a number of states in the environment. \n",
    "            env.nA is a number of actions in the environment.\n",
    "        theta: We stop evaluation once our value function change is less than theta for all states.\n",
    "        discount_factor: Gamma discount factor.\n",
    "    \n",
    "    Returns:\n",
    "        Vector of length env.nS representing the value function.\n",
    "    \"\"\"\n",
    "    # Start with a random (all 0) value function\n",
    "    V = np.zeros(env.nS)\n",
    "    \n",
    "    # loop until convergence - system is stable\n",
    "    while True:\n",
    "        # this is the change value\n",
    "        delta_value = 0\n",
    "        \n",
    "        # for every state value\n",
    "        for i in range(len(V)):\n",
    "            current_state = 0\n",
    "            \n",
    "            for policy_index in range(4):\n",
    "                action = policy_index\n",
    "                action_prob = policy[i,policy_index]\n",
    "                \n",
    "                for prob, next_state, reward, done in env.P[i][action]:\n",
    "                    current_state = current_state + action_prob * prob * (reward + discount_factor * V[next_state]) \n",
    "                    \n",
    "            delta_value = max(delta_value,np.abs(current_state-V[i]))\n",
    "            V[i] = current_state\n",
    "            \n",
    "        if delta_value < theta: \n",
    "            break\n",
    "            \n",
    "        print(V)\n",
    "        input()\n",
    "        \n",
    "    return np.array(V)"
   ]
  },
  {
   "cell_type": "code",
   "execution_count": null,
   "metadata": {
    "ExecuteTime": {
     "end_time": "2019-03-19T00:27:28.612367Z",
     "start_time": "2019-03-19T00:27:28.607787Z"
    }
   },
   "outputs": [],
   "source": []
  },
  {
   "cell_type": "code",
   "execution_count": 8,
   "metadata": {
    "ExecuteTime": {
     "end_time": "2019-03-19T00:32:57.166799Z",
     "start_time": "2019-03-19T00:32:46.667274Z"
    }
   },
   "outputs": [
    {
     "name": "stdout",
     "output_type": "stream",
     "text": [
      "[ 0.        -1.        -1.25      -1.3125    -1.        -1.5\n",
      " -1.6875    -1.75      -1.25      -1.6875    -1.84375   -1.8984375\n",
      " -1.3125    -1.75      -1.8984375  0.       ]\n",
      "\n",
      "[ 0.         -1.9375     -2.546875   -2.73046875 -1.9375     -2.8125\n",
      " -3.23828125 -3.40429688 -2.546875   -3.23828125 -3.56835938 -3.21777344\n",
      " -2.73046875 -3.40429688 -3.21777344  0.        ]\n",
      "\n",
      "[ 0.         -2.82421875 -3.83496094 -4.17504883 -2.82421875 -4.03125\n",
      " -4.7097168  -4.87670898 -3.83496094 -4.7097168  -4.96374512 -4.26455688\n",
      " -4.17504883 -4.87670898 -4.26455688  0.        ]\n",
      "\n",
      "[ 0.         -3.67260742 -5.0980835  -5.58122253 -3.67260742 -5.19116211\n",
      " -6.03242493 -6.18872833 -5.0980835  -6.03242493 -6.14849091 -5.15044403\n",
      " -5.58122253 -6.18872833 -5.15044403  0.        ]\n",
      "\n",
      "[ 0.         -4.49046326 -6.30054855 -6.91293049 -4.49046326 -6.26144409\n",
      " -7.22480297 -7.36922646 -6.30054855 -7.22480297 -7.1876235  -5.9268235\n",
      " -6.91293049 -7.36922646 -5.9268235   0.        ]\n",
      "\n",
      "[ 0.         -5.26311398 -7.425349   -8.15510911 -5.26311398 -7.24395847\n",
      " -8.30653936 -8.4394246  -7.425349   -8.30653936 -8.11668143 -6.62073238\n",
      " -8.15510911 -8.4394246  -6.62073238  0.        ]\n",
      "\n",
      "[ 0.         -5.98310536 -8.46752571 -9.30429213 -5.98310536 -8.14482236\n",
      " -9.29211352 -9.41414066 -8.46752571 -9.29211352 -8.95642295 -7.247824\n",
      " -9.30429213 -9.41414066 -7.247824    0.        ]\n",
      "\n",
      "[  0.          -6.64886336  -9.42819868 -10.3627309   -6.64886336\n",
      "  -8.97048844 -10.19231268 -10.30425206  -9.42819868 -10.19231268\n",
      "  -9.72006834  -7.8180361  -10.3627309  -10.30425206  -7.8180361\n",
      "   0.        ]\n",
      "\n",
      "[  0.          -7.26188762 -10.31128247 -11.33524908  -7.26188762\n",
      "  -9.72710015 -11.01567576 -11.11830325 -10.31128247 -11.01567576\n",
      " -10.41685593  -8.33829882 -11.33524908 -11.11830325  -8.33829882\n",
      "   0.        ]\n",
      "\n",
      "[  0.          -7.82506756 -11.12181872 -12.22765503  -7.82506756\n",
      " -10.42037166 -11.76933739 -11.86339862 -11.12181872 -11.76933739\n",
      " -11.0538181   -8.81387889 -12.22765503 -11.86339862  -8.81387889\n",
      "   0.        ]\n",
      "\n",
      "[  0.          -8.34181448 -11.86515641 -13.04596627  -8.34181448\n",
      " -11.05557594 -12.45948727 -12.54568276 -11.86515641 -12.45948727\n",
      " -11.63668308  -9.24906118 -13.04596627 -12.54568276  -9.24906118\n",
      "   0.        ]\n",
      "\n",
      "[  0.          -8.81563671 -12.54656166 -13.79604424  -8.81563671\n",
      " -11.63756199 -13.09162237 -13.17060264 -12.54656166 -13.09162237\n",
      " -12.17034178  -9.6475014  -13.79604424 -13.17060264  -9.6475014\n",
      "   0.        ]\n",
      "\n",
      "[  0.          -9.24994009 -13.17104209 -14.4834333   -9.24994009\n",
      " -12.17078123 -13.67069193 -13.74305732 -13.17104209 -13.67069193\n",
      " -12.65909667 -10.01241385 -14.4834333  -13.74305732 -10.01241385\n",
      "   0.        ]\n",
      "\n",
      "[  0.          -9.64794085 -13.74327705 -15.11330024  -9.64794085\n",
      " -12.65931639 -14.20118686 -14.26748957 -13.74327705 -14.20118686\n",
      " -13.10680035 -10.34667594 -15.11330024 -14.26748957 -10.34667594\n",
      "   0.        ]\n",
      "\n",
      "[  0.         -10.01263357 -14.26759943 -15.69042237 -10.01263357\n",
      " -13.10691022 -14.68719989 -14.74794694 -14.26759943 -14.68719989\n",
      " -13.51693792 -10.6528902  -15.69042237 -14.74794694 -10.6528902\n",
      "   0.        ]\n",
      "\n",
      "[  0.         -10.3467858  -14.74800187 -16.21919839 -10.3467858\n",
      " -13.51699285 -15.1324699  -15.18812636 -14.74800187 -15.1324699\n",
      " -13.89268005 -10.93342415 -16.21919839 -15.18812636 -10.93342415\n",
      "   0.        ]\n",
      "\n",
      "[  0.         -10.65294513 -15.18815382 -16.70366924 -10.65294513\n",
      " -13.89270751 -15.54041694 -15.59140917 -15.18815382 -15.54041694\n",
      " -14.23692054 -11.19043847 -16.70366924 -15.59140917 -11.19043847\n",
      "   0.        ]\n",
      "\n",
      "[  0.         -10.93345162 -15.5914229  -17.14754264 -10.93345162\n",
      " -14.23693428 -15.91417172 -15.9608905  -15.5914229  -15.91417172\n",
      " -14.55230509 -11.42590852 -17.14754264 -15.9608905  -11.42590852\n",
      "   0.        ]\n",
      "\n",
      "[  0.         -11.1904522  -15.96089737 -17.55421829 -11.1904522\n",
      " -14.55231196 -16.25660123 -16.29940463 -15.96089737 -16.25660123\n",
      " -14.84125487 -11.64164201 -17.55421829 -16.29940463 -11.64164201\n",
      "   0.        ]\n",
      "\n",
      "[  0.         -11.42591538 -16.29940807 -17.92681232 -11.42591538\n",
      " -14.84125831 -16.57033147 -16.60954761 -16.29940807 -16.57033147\n",
      " -15.10598674 -11.83929409 -17.92681232 -16.60954761 -11.83929409\n",
      "   0.        ]\n",
      "\n",
      "[  0.         -11.64164544 -16.60954932 -18.26818039 -11.64164544\n",
      " -15.10598845 -16.85776803 -16.89369753 -16.60954932 -16.85776803\n",
      " -15.34853106 -12.02038067 -18.26818039 -16.89369753 -12.02038067\n",
      "   0.        ]\n",
      "\n",
      "[  0.         -11.8392958  -16.89369839 -18.58093917 -11.8392958\n",
      " -15.34853192 -17.12111472 -17.15403302 -16.89369839 -17.12111472\n",
      " -15.5707477  -12.18629035 -18.58093917 -17.15403302 -12.18629035\n",
      "   0.        ]\n",
      "\n",
      "[  0.         -12.02038153 -17.15403345 -18.86748621 -12.02038153\n",
      " -15.57074812 -17.36239057 -17.39255004 -17.15403345 -17.36239057\n",
      " -15.77434046 -12.33829521 -18.86748621 -17.39255004 -12.33829521\n",
      "   0.        ]\n",
      "\n",
      "[  0.         -12.18629078 -17.39255025 -19.13001818 -12.18629078\n",
      " -15.77434068 -17.58344536 -17.6110772  -17.39255025 -17.58344536\n",
      " -15.96087028 -12.47756067 -19.13001818 -17.6110772  -12.47756067\n",
      "   0.        ]\n",
      "\n",
      "[  0.         -12.33829543 -17.6110773  -19.37054771 -12.33829543\n",
      " -15.96087039 -17.78597379 -17.81128984 -17.6110773  -17.78597379\n",
      " -16.13176723 -12.60515444 -19.37054771 -17.81128984 -12.60515444\n",
      "   0.        ]\n",
      "\n",
      "[  0.         -12.47756078 -17.8112899  -19.59091879 -12.47756078\n",
      " -16.13176729 -17.97152856 -17.99472291 -17.8112899  -17.97152856\n",
      " -16.2883415  -12.72205471 -19.59091879 -17.99472291 -12.72205471\n",
      "   0.        ]\n",
      "\n",
      "[  0.         -12.60515449 -17.99472294 -19.79282086 -12.60515449\n",
      " -16.28834153 -18.14153222 -18.16278267 -17.99472294 -18.14153222\n",
      " -16.43179347 -12.82915771 -19.79282086 -18.16278267 -12.82915771\n",
      "   0.        ]\n",
      "\n",
      "[  0.         -12.72205474 -18.16278269 -19.97780177 -12.72205474\n",
      " -16.43179348 -18.29728808 -18.31675756 -18.16278269 -18.29728808\n",
      " -16.56322289 -12.92728454 -19.97780177 -18.31675756 -12.92728454\n",
      "   0.        ]\n",
      "\n",
      "[  0.         -12.82915773 -18.31675756 -20.14727967 -12.82915773\n",
      " -16.5632229  -18.43999023 -18.457828   -18.31675756 -18.43999023\n",
      " -16.68363739 -13.01718748 -20.14727967 -18.457828   -13.01718748\n",
      "   0.        ]\n",
      "\n",
      "[  0.         -12.92728455 -18.457828   -20.30255383 -12.92728455\n",
      " -16.68363739 -18.57073269 -18.5870755  -18.457828   -18.57073269\n",
      " -16.79396009 -13.09955577 -20.30255383 -18.5870755  -13.09955577\n",
      "   0.        ]\n",
      "\n",
      "[  0.         -13.01718748 -18.5870755  -20.44481467 -13.01718748\n",
      " -16.79396009 -18.6905178  -18.70549093 -18.5870755  -18.6905178\n",
      " -16.89503678 -13.17502087 -20.44481467 -18.70549093 -13.17502087\n",
      "   0.        ]\n",
      "\n",
      "[  0.         -13.09955577 -18.70549093 -20.5751528  -13.09955577\n",
      " -16.89503678 -18.80026386 -18.81398212 -18.70549093 -18.80026386\n",
      " -16.98764236 -13.24416134 -20.5751528  -18.81398212 -13.24416134\n",
      "   0.        ]\n",
      "\n",
      "[  0.         -13.17502087 -18.81398212 -20.69456746 -13.17502087\n",
      " -16.98764236 -18.90081224 -18.91338079 -18.81398212 -18.90081224\n",
      " -17.07248679 -13.30750723 -20.69456746 -18.91338079 -13.30750723\n",
      "   0.        ]\n",
      "\n",
      "[  0.         -13.24416134 -18.91338079 -20.80397412 -13.24416134\n",
      " -17.07248679 -18.99293379 -19.00444898 -18.91338079 -18.99293379\n",
      " -17.15022051 -13.36554418 -20.80397412 -19.00444898 -13.36554418\n",
      "   0.        ]\n",
      "\n",
      "[  0.         -13.30750723 -19.00444898 -20.90421155 -13.30750723\n",
      " -17.15022051 -19.07733475 -19.08788486 -19.00444898 -19.07733475\n",
      " -17.22143946 -13.41871713 -20.90421155 -19.08788486 -13.41871713\n",
      "   0.        ]\n",
      "\n",
      "[  0.         -13.36554418 -19.08788486 -20.99604821 -13.36554418\n",
      " -17.22143946 -19.15466216 -19.16432809 -19.08788486 -19.15466216\n",
      " -17.28668965 -13.46743372 -20.99604821 -19.16432809 -13.46743372\n",
      "   0.        ]\n",
      "\n",
      "[  0.         -13.41871713 -19.16432809 -21.08018815 -13.41871713\n",
      " -17.28668965 -19.22550887 -19.23436471 -19.16432809 -19.22550887\n",
      " -17.34647129 -13.51206743 -21.08018815 -19.23436471 -13.51206743\n",
      "   0.        ]\n",
      "\n",
      "[  0.         -13.46743372 -19.23436471 -21.15727643 -13.46743372\n",
      " -17.34647129 -19.290418   -19.29853164 -19.23436471 -19.290418\n",
      " -17.40124271 -13.55296045 -21.15727643 -19.29853164 -13.55296045\n",
      "   0.        ]\n",
      "\n",
      "[  0.         -13.51206743 -19.29853164 -21.22790403 -13.51206743\n",
      " -17.40124271 -19.34988718 -19.35732082 -19.29853164 -19.34988718\n",
      " -17.45142381 -13.59042627 -21.22790403 -19.35732082 -13.59042627\n",
      "   0.        ]\n",
      "\n",
      "[  0.         -13.55296045 -19.35732082 -21.29261243 -13.55296045\n",
      " -17.45142381 -19.40437232 -19.41118296 -19.35732082 -19.40437232\n",
      " -17.49739929 -13.62475213 -21.29261243 -19.41118296 -13.62475213\n",
      "   0.        ]\n"
     ]
    },
    {
     "name": "stdout",
     "output_type": "stream",
     "text": [
      "\n",
      "[  0.         -13.59042627 -19.41118296 -21.35189769 -13.59042627\n",
      " -17.49739929 -19.45429113 -19.46053098 -19.41118296 -19.45429113\n",
      " -17.53952163 -13.65620118 -21.35189769 -19.46053098 -13.65620118\n",
      "   0.        ]\n",
      "\n",
      "[  0.         -13.62475213 -19.46053098 -21.40621434 -13.62475213\n",
      " -17.53952163 -19.5000263  -19.5057432  -19.46053098 -19.5000263\n",
      " -17.57811374 -13.68501453 -21.40621434 -19.5057432  -13.68501453\n",
      "   0.        ]\n",
      "\n",
      "[  0.         -13.65620118 -19.5057432  -21.45597877 -13.65620118\n",
      " -17.57811374 -19.54192847 -19.54716624 -19.5057432  -19.54192847\n",
      " -17.6134715  -13.71141307 -21.45597877 -19.54716624 -13.71141307\n",
      "   0.        ]\n",
      "\n",
      "[  0.         -13.68501453 -19.54716624 -21.50157251 -13.68501453\n",
      " -17.6134715  -19.58031887 -19.58511767 -19.54716624 -19.58031887\n",
      " -17.64586597 -13.73559918 -21.50157251 -19.58511767 -13.73559918\n",
      "   0.        ]\n",
      "\n",
      "[  0.         -13.71141307 -19.58511767 -21.54334509 -13.71141307\n",
      " -17.64586597 -19.61549182 -19.61988844 -19.58511767 -19.61549182\n",
      " -17.6755455  -13.75775828 -21.54334509 -19.61988844 -13.75775828\n",
      "   0.        ]\n",
      "\n",
      "[  0.         -13.73559918 -19.61988844 -21.58161677 -13.73559918\n",
      " -17.6755455  -19.64771697 -19.65174511 -19.61988844 -19.64771697\n",
      " -17.70273763 -13.77806025 -21.58161677 -19.65174511 -13.77806025\n",
      "   0.        ]\n",
      "\n",
      "[  0.         -13.75775828 -19.65174511 -21.61668094 -13.75775828\n",
      " -17.70273763 -19.67724137 -19.68093192 -19.65174511 -19.67724137\n",
      " -17.72765081 -13.79666075 -21.61668094 -19.68093192 -13.79666075\n",
      "   0.        ]\n",
      "\n",
      "[  0.         -13.77806025 -19.68093192 -21.64880643 -13.77806025\n",
      " -17.72765081 -19.70429137 -19.70767262 -19.68093192 -19.70429137\n",
      " -17.75047606 -13.81370235 -21.64880643 -19.70767262 -13.81370235\n",
      "   0.        ]\n",
      "\n",
      "[  0.         -13.79666075 -19.70767262 -21.67823952 -13.79666075\n",
      " -17.75047606 -19.72907434 -19.73217221 -19.70767262 -19.72907434\n",
      " -17.77138835 -13.82931573 -21.67823952 -19.73217221 -13.82931573\n",
      "   0.        ]\n",
      "\n",
      "[  0.         -13.81370235 -19.73217221 -21.70520586 -13.81370235\n",
      " -17.77138835 -19.75178028 -19.75461852 -19.73217221 -19.75178028\n",
      " -17.790548   -13.84362056 -21.70520586 -19.75461852 -13.84362056\n",
      "   0.        ]\n",
      "\n",
      "[  0.         -13.82931573 -19.75461852 -21.72991219 -13.82931573\n",
      " -17.790548   -19.77258326 -19.77518363 -19.75461852 -19.77258326\n",
      " -17.80810191 -13.85672653 -21.72991219 -19.77518363 -13.85672653\n",
      "   0.        ]\n",
      "\n",
      "[  0.         -13.84362056 -19.77518363 -21.75254791 -13.84362056\n",
      " -17.80810191 -19.79164277 -19.79402521 -19.77518363 -19.79164277\n",
      " -17.82418465 -13.8687341  -21.75254791 -19.79402521 -13.8687341\n",
      "   0.        ]\n",
      "\n",
      "[  0.         -13.85672653 -19.79402521 -21.77328656 -13.85672653\n",
      " -17.82418465 -19.80910493 -19.8112877  -19.79402521 -19.80910493\n",
      " -17.83891951 -13.87973533 -21.77328656 -19.8112877  -13.87973533\n",
      "   0.        ]\n",
      "\n",
      "[  0.         -13.8687341  -19.8112877  -21.79228713 -13.8687341\n",
      " -17.83891951 -19.82510361 -19.82710344 -19.8112877  -19.82510361\n",
      " -17.85241947 -13.88981456 -21.79228713 -19.82710344 -13.88981456\n",
      "   0.        ]\n",
      "\n",
      "[  0.         -13.87973533 -19.82710344 -21.80969529 -13.87973533\n",
      " -17.85241947 -19.83976145 -19.84159369 -19.82710344 -19.83976145\n",
      " -17.86478801 -13.89904906 -21.80969529 -19.84159369 -13.89904906\n",
      "   0.        ]\n",
      "\n",
      "[  0.         -13.88981456 -19.84159369 -21.82564449 -13.88981456\n",
      " -17.86478801 -19.85319085 -19.85486952 -19.84159369 -19.85319085\n",
      " -17.87611995 -13.90750963 -21.82564449 -19.85486952 -13.90750963\n",
      "   0.        ]\n",
      "\n",
      "[  0.         -13.89904906 -19.85486952 -21.840257   -13.89904906\n",
      " -17.87611995 -19.86549474 -19.86703272 -19.85486952 -19.86549474\n",
      " -17.88650219 -13.91526114 -21.840257   -19.86703272 -13.91526114\n",
      "   0.        ]\n",
      "\n",
      "[  0.         -13.90750963 -19.86703272 -21.85364486 -13.90750963\n",
      " -17.88650219 -19.87676745 -19.87817654 -19.86703272 -19.87676745\n",
      " -17.8960143  -13.92236299 -21.85364486 -19.87817654 -13.92236299\n",
      "   0.        ]\n",
      "\n",
      "[  0.         -13.91526114 -19.87817654 -21.8659107  -13.91526114\n",
      " -17.8960143  -19.88709542 -19.88838642 -19.87817654 -19.88709542\n",
      " -17.90472921 -13.92886965 -21.8659107  -19.88838642 -13.92886965\n",
      "   0.        ]\n",
      "\n",
      "[  0.         -13.92236299 -19.88838642 -21.87714856 -13.92236299\n",
      " -17.90472921 -19.89655781 -19.89774061 -19.88838642 -19.89655781\n",
      " -17.91271373 -13.934831   -21.87714856 -19.89774061 -13.934831\n",
      "   0.        ]\n",
      "\n",
      "[  0.         -13.92886965 -19.89774061 -21.88744458 -13.92886965\n",
      " -17.91271373 -19.90522717 -19.90631084 -19.89774061 -19.90522717\n",
      " -17.92002909 -13.94029273 -21.88744458 -19.90631084 -13.94029273\n",
      "   0.        ]\n",
      "\n",
      "[  0.         -13.934831   -19.90631084 -21.89687771 -13.934831\n",
      " -17.92002909 -19.91316996 -19.91416281 -19.90631084 -19.91316996\n",
      " -17.92673135 -13.94529672 -21.89687771 -19.91416281 -13.94529672\n",
      "   0.        ]\n",
      "\n",
      "[  0.         -13.94029273 -19.91416281 -21.90552026 -13.94029273\n",
      " -17.92673135 -19.92044708 -19.92135672 -19.91416281 -19.92044708\n",
      " -17.9328719  -13.94988134 -21.90552026 -19.92135672 -13.94988134\n",
      "   0.        ]\n",
      "\n",
      "[  0.         -13.94529672 -19.92135672 -21.91343849 -13.94529672\n",
      " -17.9328719  -19.92711431 -19.92794771 -19.92135672 -19.92711431\n",
      " -17.93849782 -13.95408172 -21.91343849 -19.92794771 -13.95408172\n",
      "   0.        ]\n",
      "\n",
      "[  0.         -13.94988134 -19.92794771 -21.9206931  -13.94988134\n",
      " -17.93849782 -19.93322277 -19.93398633 -19.92794771 -19.93322277\n",
      " -17.94365224 -13.95793007 -21.9206931  -19.93398633 -13.95793007\n",
      "   0.        ]\n",
      "\n",
      "[  0.         -13.95408172 -19.93398633 -21.92733971 -13.95408172\n",
      " -17.94365224 -19.93881928 -19.93951885 -19.93398633 -19.93881928\n",
      " -17.94837468 -13.9614559  -21.92733971 -19.93951885 -13.9614559\n",
      "   0.        ]\n",
      "\n",
      "[  0.         -13.95793007 -19.93951885 -21.93342928 -13.95793007\n",
      " -17.94837468 -19.94394676 -19.9445877  -19.93951885 -19.94394676\n",
      " -17.95270133 -13.96468623 -21.93342928 -19.9445877  -13.96468623\n",
      "   0.        ]\n",
      "\n",
      "[  0.         -13.9614559  -19.9445877  -21.93900849 -13.9614559\n",
      " -17.95270133 -19.94864452 -19.94923173 -19.9445877  -19.94864452\n",
      " -17.95666537 -13.96764584 -21.93900849 -19.94923173 -13.96764584\n",
      "   0.        ]\n",
      "\n",
      "[  0.         -13.96468623 -19.94923173 -21.94412011 -13.96468623\n",
      " -17.95666537 -19.95294855 -19.95348656 -19.94923173 -19.95294855\n",
      " -17.96029719 -13.9703574  -21.94412011 -19.95348656 -13.9703574\n",
      "   0.        ]\n",
      "\n",
      "[  0.         -13.96764584 -19.95348656 -21.94880334 -13.96764584\n",
      " -17.96029719 -19.95689188 -19.95738479 -19.95348656 -19.95689188\n",
      " -17.96362464 -13.97284171 -21.94880334 -19.95738479 -13.97284171\n",
      "   0.        ]\n",
      "\n",
      "[  0.         -13.9703574  -19.95738479 -21.95309406 -13.9703574\n",
      " -17.96362464 -19.96050471 -19.96095632 -19.95738479 -19.96050471\n",
      " -17.96667321 -13.97511781 -21.95309406 -19.96095632 -13.97511781\n",
      "   0.        ]\n",
      "\n",
      "[  0.         -13.97284171 -19.96095632 -21.95702519 -13.97284171\n",
      " -17.96667321 -19.96381476 -19.96422852 -19.96095632 -19.96381476\n",
      " -17.96946629 -13.97720315 -21.95702519 -19.96422852 -13.97720315\n",
      "   0.        ]\n",
      "\n",
      "[  0.         -13.97511781 -19.96422852 -21.96062686 -13.97511781\n",
      " -17.96946629 -19.9668474  -19.96722648 -19.96422852 -19.9668474\n",
      " -17.97202528 -13.97911373 -21.96062686 -19.96722648 -13.97911373\n",
      "   0.        ]\n",
      "\n",
      "[  0.         -13.97720315 -19.96722648 -21.96392667 -13.97720315\n",
      " -17.97202528 -19.96962588 -19.96997319 -19.96722648 -19.96962588\n",
      " -17.97436981 -13.98086418 -21.96392667 -19.96997319 -13.98086418\n",
      "   0.        ]\n",
      "\n",
      "[  0.         -13.97911373 -19.96997319 -21.96694993 -13.97911373\n",
      " -17.97436981 -19.9721715  -19.9724897  -19.96997319 -19.9721715\n",
      " -17.97651784 -13.98246793 -21.96694993 -19.9724897  -13.98246793\n",
      "   0.        ]\n",
      "\n",
      "[  0.         -13.98086418 -19.9724897  -21.96971982 -13.98086418\n",
      " -17.97651784 -19.97450377 -19.9747953  -19.9724897  -19.97450377\n",
      " -17.97848585 -13.98393727 -21.96971982 -19.9747953  -13.98393727\n",
      "   0.        ]\n",
      "\n",
      "[  0.         -13.98246793 -19.9747953  -21.97225756 -13.98246793\n",
      " -17.97848585 -19.97664058 -19.97690768 -19.9747953  -19.97664058\n",
      " -17.98028892 -13.98528347 -21.97225756 -19.97690768 -13.98528347\n",
      "   0.        ]\n",
      "\n",
      "[  0.         -13.98393727 -19.97690768 -21.97458262 -13.98393727\n",
      " -17.98028892 -19.9785983  -19.97884302 -19.97690768 -19.9785983\n",
      " -17.98194088 -13.98651684 -21.97458262 -19.97884302 -13.98651684\n",
      "   0.        ]\n",
      "\n",
      "[  0.         -13.98528347 -19.97884302 -21.97671282 -13.98528347\n",
      " -17.98194088 -19.98039195 -19.98061616 -19.97884302 -19.98039195\n",
      " -17.9834544  -13.98764685 -21.97671282 -19.98061616 -13.98764685\n",
      "   0.        ]\n"
     ]
    },
    {
     "name": "stdout",
     "output_type": "stream",
     "text": [
      "\n",
      "[  0.         -13.98651684 -19.98061616 -21.97866449 -13.98651684\n",
      " -17.9834544  -19.98203528 -19.98224069 -19.98061616 -19.98203528\n",
      " -17.98484106 -13.98868215 -21.97866449 -19.98224069 -13.98868215\n",
      "   0.        ]\n",
      "\n",
      "[  0.         -13.98764685 -19.98224069 -21.98045259 -13.98764685\n",
      " -17.98484106 -19.98354088 -19.98372908 -19.98224069 -19.98354088\n",
      " -17.98611151 -13.98963069 -21.98045259 -19.98372908 -13.98963069\n",
      "   0.        ]\n",
      "\n",
      "[  0.         -13.98868215 -19.98372908 -21.98209083 -13.98868215\n",
      " -17.98611151 -19.9849203  -19.98509272 -19.98372908 -19.9849203\n",
      " -17.98727549 -13.99049973 -21.98209083 -19.98509272 -13.99049973\n",
      "   0.        ]\n",
      "\n",
      "[  0.         -13.98963069 -19.98509272 -21.98359178 -13.98963069\n",
      " -17.98727549 -19.98618411 -19.98634208 -19.98509272 -19.98618411\n",
      " -17.98834192 -13.99129593 -21.98359178 -19.98634208 -13.99129593\n",
      "   0.        ]\n",
      "\n",
      "[  0.         -13.99049973 -19.98634208 -21.98496693 -13.99049973\n",
      " -17.98834192 -19.987342   -19.98748674 -19.98634208 -19.987342\n",
      " -17.98931897 -13.99202541 -21.98496693 -19.98748674 -13.99202541\n",
      "   0.        ]\n",
      "\n",
      "[  0.         -13.99129593 -19.98748674 -21.98622683 -13.99129593\n",
      " -17.98931897 -19.98840285 -19.98853546 -19.98748674 -19.98840285\n",
      " -17.99021413 -13.99269375 -21.98622683 -19.98853546 -13.99269375\n",
      "   0.        ]\n",
      "\n",
      "[  0.         -13.99202541 -19.98853546 -21.98738115 -13.99202541\n",
      " -17.99021413 -19.98937479 -19.98949629 -19.98853546 -19.98937479\n",
      " -17.99103427 -13.99330608 -21.98738115 -19.98949629 -13.99330608\n",
      "   0.        ]\n",
      "\n",
      "[  0.         -13.99269375 -19.98949629 -21.98843872 -13.99269375\n",
      " -17.99103427 -19.99026528 -19.99037659 -19.98949629 -19.99026528\n",
      " -17.99178568 -13.99386709 -21.98843872 -19.99037659 -13.99386709\n",
      "   0.        ]\n",
      "\n",
      "[  0.         -13.99330608 -19.99037659 -21.98940765 -13.99330608\n",
      " -17.99178568 -19.99108113 -19.99118312 -19.99037659 -19.99108113\n",
      " -17.99247411 -13.99438108 -21.98940765 -19.99118312 -13.99438108\n",
      "   0.        ]\n",
      "\n",
      "[  0.         -13.99386709 -19.99118312 -21.99029538 -13.99386709\n",
      " -17.99247411 -19.99182861 -19.99192205 -19.99118312 -19.99182861\n",
      " -17.99310485 -13.99485199 -21.99029538 -19.99192205 -13.99485199\n",
      "   0.        ]\n",
      "\n",
      "[  0.         -13.99438108 -19.99192205 -21.99110872 -13.99438108\n",
      " -17.99310485 -19.99251345 -19.99259905 -19.99192205 -19.99251345\n",
      " -17.99368272 -13.99528344 -21.99110872 -19.99259905 -13.99528344\n",
      "   0.        ]\n",
      "\n",
      "[  0.         -13.99485199 -19.99259905 -21.99185388 -13.99485199\n",
      " -17.99368272 -19.99314088 -19.99321931 -19.99259905 -19.99314088\n",
      " -17.99421216 -13.99567873 -21.99185388 -19.99321931 -13.99567873\n",
      "   0.        ]\n",
      "\n",
      "[  0.         -13.99528344 -19.99321931 -21.9925366  -13.99528344\n",
      " -17.99421216 -19.99371574 -19.9937876  -19.99321931 -19.99371574\n",
      " -17.99469723 -13.99604089 -21.9925366  -19.9937876  -13.99604089\n",
      "   0.        ]\n",
      "\n",
      "[  0.         -13.99567873 -19.9937876  -21.9931621  -13.99567873\n",
      " -17.99469723 -19.99424241 -19.99430825 -19.9937876  -19.99424241\n",
      " -17.99514165 -13.9963727  -21.9931621  -19.99430825 -13.9963727\n",
      "   0.        ]\n",
      "\n",
      "[  0.         -13.99604089 -19.99430825 -21.99373517 -13.99604089\n",
      " -17.99514165 -19.99472495 -19.99478527 -19.99430825 -19.99472495\n",
      " -17.99554882 -13.9966767  -21.99373517 -19.99478527 -13.9966767\n",
      "   0.        ]\n",
      "\n",
      "[  0.         -13.9963727  -19.99478527 -21.99426022 -13.9963727\n",
      " -17.99554882 -19.99516705 -19.99522231 -19.99478527 -19.99516705\n",
      " -17.99592187 -13.99695522 -21.99426022 -19.99522231 -13.99695522\n",
      "   0.        ]\n",
      "\n",
      "[  0.         -13.9966767  -19.99522231 -21.99474126 -13.9966767\n",
      " -17.99592187 -19.99557209 -19.99562272 -19.99522231 -19.99557209\n",
      " -17.99626365 -13.9972104  -21.99474126 -19.99562272 -13.9972104\n",
      "   0.        ]\n",
      "\n",
      "[  0.         -13.99695522 -19.99562272 -21.99518199 -13.99695522\n",
      " -17.99626365 -19.99594319 -19.99598957 -19.99562272 -19.99594319\n",
      " -17.99657679 -13.99744419 -21.99518199 -19.99598957 -13.99744419\n",
      "   0.        ]\n",
      "\n",
      "[  0.         -13.9972104  -19.99598957 -21.99558578 -13.9972104\n",
      " -17.99657679 -19.99628318 -19.99632568 -19.99598957 -19.99628318\n",
      " -17.99686369 -13.99765839 -21.99558578 -19.99632568 -13.99765839\n",
      "   0.        ]\n",
      "\n",
      "[  0.         -13.99744419 -19.99632568 -21.99595573 -13.99744419\n",
      " -17.99686369 -19.99659469 -19.99663362 -19.99632568 -19.99659469\n",
      " -17.99712654 -13.99785464 -21.99595573 -19.99663362 -13.99785464\n",
      "   0.        ]\n",
      "\n",
      "[  0.         -13.99765839 -19.99663362 -21.99629468 -13.99765839\n",
      " -17.99712654 -19.99688008 -19.99691576 -19.99663362 -19.99688008\n",
      " -17.99736736 -13.99803444 -21.99629468 -19.99691576 -13.99803444\n",
      "   0.        ]\n",
      "\n",
      "[  0.         -13.99785464 -19.99691576 -21.99660522 -13.99785464\n",
      " -17.99736736 -19.99714156 -19.99717424 -19.99691576 -19.99714156\n",
      " -17.997588   -13.99819917 -21.99660522 -19.99717424 -13.99819917\n",
      "   0.        ]\n",
      "\n",
      "[  0.         -13.99803444 -19.99717424 -21.99688973 -13.99803444\n",
      " -17.997588   -19.99738112 -19.99741107 -19.99717424 -19.99738112\n",
      " -17.99779014 -13.99835009 -21.99688973 -19.99741107 -13.99835009\n",
      "   0.        ]\n",
      "\n",
      "[  0.         -13.99819917 -19.99741107 -21.9971504  -13.99819917\n",
      " -17.99779014 -19.9976006  -19.99762804 -19.99741107 -19.9976006\n",
      " -17.99797535 -13.99848837 -21.9971504  -19.99762804 -13.99848837\n",
      "   0.        ]\n",
      "\n",
      "[  0.         -13.99835009 -19.99762804 -21.99738922 -13.99835009\n",
      " -17.99797535 -19.9978017  -19.99782683 -19.99762804 -19.9978017\n",
      " -17.99814503 -13.99861506 -21.99738922 -19.99782683 -13.99861506\n",
      "   0.        ]\n",
      "\n",
      "[  0.         -13.99848837 -19.99782683 -21.99760803 -13.99848837\n",
      " -17.99814503 -19.99798593 -19.99800896 -19.99782683 -19.99798593\n",
      " -17.9983005  -13.99873113 -21.99760803 -19.99800896 -13.99873113\n",
      "   0.        ]\n",
      "\n",
      "[  0.         -13.99861506 -19.99800896 -21.99780849 -13.99861506\n",
      " -17.9983005  -19.99815473 -19.99817583 -19.99800896 -19.99815473\n",
      " -17.99844293 -13.99883747 -21.99780849 -19.99817583 -13.99883747\n",
      "   0.        ]\n",
      "\n",
      "[  0.         -13.99873113 -19.99817583 -21.99799216 -13.99873113\n",
      " -17.99844293 -19.99830938 -19.99832871 -19.99817583 -19.99830938\n",
      " -17.99857343 -13.9989349  -21.99799216 -19.99832871 -13.9989349\n",
      "   0.        ]\n",
      "\n",
      "[  0.         -13.99883747 -19.99832871 -21.99816044 -13.99883747\n",
      " -17.99857343 -19.99845107 -19.99846878 -19.99832871 -19.99845107\n",
      " -17.99869298 -13.99902417 -21.99816044 -19.99846878 -13.99902417\n",
      "   0.        ]\n",
      "\n",
      "[  0.         -13.9989349  -19.99846878 -21.99831461 -13.9989349\n",
      " -17.99869298 -19.99858088 -19.99859711 -19.99846878 -19.99858088\n",
      " -17.99880252 -13.99910595 -21.99831461 -19.99859711 -13.99910595\n",
      "   0.        ]\n",
      "\n",
      "[  0.         -13.99902417 -19.99859711 -21.99845586 -13.99902417\n",
      " -17.99880252 -19.99869982 -19.99871468 -19.99859711 -19.99869982\n",
      " -17.99890288 -13.99918088 -21.99845586 -19.99871468 -13.99918088\n",
      "   0.        ]\n",
      "\n",
      "[  0.         -13.99910595 -19.99871468 -21.99858527 -13.99910595\n",
      " -17.99890288 -19.99880878 -19.9988224  -19.99871468 -19.99880878\n",
      " -17.99899483 -13.99924953 -21.99858527 -19.9988224  -13.99924953\n",
      "   0.        ]\n",
      "\n",
      "[  0.         -13.99918088 -19.9988224  -21.99870384 -13.99918088\n",
      " -17.99899483 -19.99890862 -19.9989211  -19.9988224  -19.99890862\n",
      " -17.99907907 -13.99931242 -21.99870384 -19.9989211  -13.99931242\n",
      "   0.        ]\n",
      "\n",
      "[  0.         -13.99924953 -19.9989211  -21.99881247 -13.99924953\n",
      " -17.99907907 -19.99900008 -19.99901152 -19.9989211  -19.99900008\n",
      " -17.99915625 -13.99937005 -21.99881247 -19.99901152 -13.99937005\n",
      "   0.        ]\n",
      "\n",
      "[  0.         -13.99931242 -19.99901152 -21.99891199 -13.99931242\n",
      " -17.99915625 -19.99908389 -19.99909436 -19.99901152 -19.99908389\n",
      " -17.99922697 -13.99942284 -21.99891199 -19.99909436 -13.99942284\n",
      "   0.        ]\n",
      "\n",
      "[  0.         -13.99937005 -19.99909436 -21.99900318 -13.99937005\n",
      " -17.99922697 -19.99916066 -19.99917026 -19.99909436 -19.99916066\n",
      " -17.99929175 -13.99947122 -21.99900318 -19.99917026 -13.99947122\n",
      "   0.        ]\n",
      "\n",
      "[  0.         -13.99942284 -19.99917026 -21.99908672 -13.99942284\n",
      " -17.99929175 -19.99923101 -19.9992398  -19.99917026 -19.99923101\n",
      " -17.99935111 -13.99951553 -21.99908672 -19.9992398  -13.99951553\n",
      "   0.        ]\n",
      "\n",
      "[  0.         -13.99947122 -19.9992398  -21.99916326 -13.99947122\n",
      " -17.99935111 -19.99929546 -19.99930351 -19.9992398  -19.99929546\n",
      " -17.99940549 -13.99955613 -21.99916326 -19.99930351 -13.99955613\n",
      "   0.        ]\n",
      "\n",
      "[  0.         -13.99951553 -19.99930351 -21.99923339 -13.99951553\n",
      " -17.99940549 -19.9993545  -19.99936188 -19.99930351 -19.9993545\n",
      " -17.99945532 -13.99959333 -21.99923339 -19.99936188 -13.99959333\n",
      "   0.        ]\n"
     ]
    },
    {
     "name": "stdout",
     "output_type": "stream",
     "text": [
      "\n",
      "[  0.         -13.99955613 -19.99936188 -21.99929764 -13.99955613\n",
      " -17.99945532 -19.9994086  -19.99941536 -19.99936188 -19.9994086\n",
      " -17.99950097 -13.99962742 -21.99929764 -19.99941536 -13.99962742\n",
      "   0.        ]\n",
      "\n",
      "[  0.         -13.99959333 -19.99941536 -21.9993565  -13.99959333\n",
      " -17.99950097 -19.99945817 -19.99946436 -19.99941536 -19.99945817\n",
      " -17.99954279 -13.99965864 -21.9993565  -19.99946436 -13.99965864\n",
      "   0.        ]\n",
      "\n",
      "[  0.         -13.99962742 -19.99946436 -21.99941043 -13.99962742\n",
      " -17.99954279 -19.99950358 -19.99950925 -19.99946436 -19.99950358\n",
      " -17.99958111 -13.99968725 -21.99941043 -19.99950925 -13.99968725\n",
      "   0.        ]\n",
      "\n",
      "[  0.         -13.99965864 -19.99950925 -21.99945984 -13.99965864\n",
      " -17.99958111 -19.99954518 -19.99955038 -19.99950925 -19.99954518\n",
      " -17.99961622 -13.99971346 -21.99945984 -19.99955038 -13.99971346\n",
      "   0.        ]\n",
      "\n",
      "[  0.         -13.99968725 -19.99955038 -21.99950511 -13.99968725\n",
      " -17.99961622 -19.9995833  -19.99958806 -19.99955038 -19.9995833\n",
      " -17.99964838 -13.99973748 -21.99950511 -19.99958806 -13.99973748\n",
      "   0.        ]\n",
      "\n",
      "[  0.         -13.99971346 -19.99958806 -21.99954659 -13.99971346\n",
      " -17.99964838 -19.99961822 -19.99962259 -19.99958806 -19.99961822\n",
      " -17.99967785 -13.99975948 -21.99954659 -19.99962259 -13.99975948\n",
      "   0.        ]\n",
      "\n",
      "[  0.         -13.99973748 -19.99962259 -21.99958459 -13.99973748\n",
      " -17.99967785 -19.99965022 -19.99965422 -19.99962259 -19.99965022\n",
      " -17.99970485 -13.99977964 -21.99958459 -19.99965422 -13.99977964\n",
      "   0.        ]\n",
      "\n",
      "[  0.         -13.99975948 -19.99965422 -21.9996194  -13.99975948\n",
      " -17.99970485 -19.99967953 -19.9996832  -19.99965422 -19.99967953\n",
      " -17.99972958 -13.9997981  -21.9996194  -19.9996832  -13.9997981\n",
      "   0.        ]\n",
      "\n",
      "[  0.         -13.99977964 -19.9996832  -21.9996513  -13.99977964\n",
      " -17.99972958 -19.99970639 -19.99970975 -19.9996832  -19.99970639\n",
      " -17.99975225 -13.99981503 -21.9996513  -19.99970975 -13.99981503\n",
      "   0.        ]\n",
      "\n",
      "[  0.         -13.9997981  -19.99970975 -21.99968052 -13.9997981\n",
      " -17.99975225 -19.999731   -19.99973407 -19.99970975 -19.999731\n",
      " -17.99977301 -13.99983053 -21.99968052 -19.99973407 -13.99983053\n",
      "   0.        ]\n",
      "\n",
      "[  0.         -13.99981503 -19.99973407 -21.9997073  -13.99981503\n",
      " -17.99977301 -19.99975354 -19.99975636 -19.99973407 -19.99975354\n",
      " -17.99979204 -13.99984473 -21.9997073  -19.99975636 -13.99984473\n",
      "   0.        ]\n",
      "\n",
      "[  0.         -13.99983053 -19.99975636 -21.99973183 -13.99983053\n",
      " -17.99979204 -19.9997742  -19.99977678 -19.99975636 -19.9997742\n",
      " -17.99980946 -13.99985774 -21.99973183 -19.99977678 -13.99985774\n",
      "   0.        ]\n",
      "\n",
      "[  0.         -13.99984473 -19.99977678 -21.99975431 -13.99984473\n",
      " -17.99980946 -19.99979312 -19.99979549 -19.99977678 -19.99979312\n",
      " -17.99982543 -13.99986967 -21.99975431 -19.99979549 -13.99986967\n",
      "   0.        ]\n",
      "\n",
      "[  0.         -13.99985774 -19.99979549 -21.9997749  -13.99985774\n",
      " -17.99982543 -19.99981046 -19.99981263 -19.99979549 -19.99981046\n",
      " -17.99984006 -13.99988059 -21.9997749  -19.99981263 -13.99988059\n",
      "   0.        ]\n",
      "\n",
      "[  0.         -13.99986967 -19.99981263 -21.99979376 -13.99986967\n",
      " -17.99984006 -19.99982635 -19.99982833 -19.99981263 -19.99982635\n",
      " -17.99985347 -13.9998906  -21.99979376 -19.99982833 -13.9998906\n",
      "   0.        ]\n",
      "\n",
      "[  0.         -13.99988059 -19.99982833 -21.99981105 -13.99988059\n",
      " -17.99985347 -19.9998409  -19.99984272 -19.99982833 -19.9998409\n",
      " -17.99986575 -13.99989977 -21.99981105 -19.99984272 -13.99989977\n",
      "   0.        ]\n",
      "\n",
      "[  0.         -13.9998906  -19.99984272 -21.99982688 -13.9998906\n",
      " -17.99986575 -19.99985423 -19.9998559  -19.99984272 -19.99985423\n",
      " -17.999877   -13.99990817 -21.99982688 -19.9998559  -13.99990817\n",
      "   0.        ]\n",
      "\n",
      "[  0.         -13.99989977 -19.9998559  -21.99984139 -13.99989977\n",
